2.3180400000000003
2.3180400000000003
2.3180400000000003
2.3180400000000003
2.3180400000000003
2.3180400000000003
2.3180400000000003
2.3180400000000003
2.3180400000000003
2.3180400000000003
2.3180400000000003
2.3180400000000003
2.3180400000000003
2.3180400000000003
2.3180400000000003
2.3180400000000003
2.3180400000000003
2.3180400000000003
2.3180400000000003
2.3180400000000003
2.3180400000000003
2.3180400000000003
2.3180400000000003
2.3180400000000003
2.3180400000000003
2.3180400000000003
2.3180400000000003
2.3180400000000003
2.3180400000000003
2.3180400000000003
2.3180400000000003
2.3180400000000003
2.3180400000000003
8344.944000000001
1054.6115509090907
8344.944000000001
0.1288337142857143
8344.944000000001
8344.944000000001
2.3180400000000003
2.3180400000000003
2.3180400000000003
2.3180400000000003
8344.944000000001
2.3180400000000003
429.9335410500001
8344.944000000001
8344.944000000001
5007.514608000001
8344.944000000001
5890.798992494118
8344.944000000001
80.74920238325582
0.58486095
1.3593925620000002
8344.944000000001
8344.944000000001
45.29508171428573
45.29508171428573
2.3180400000000003
8344.944000000001
8344.944000000001
8344.944000000001
8344.944000000001
417.47428332
8344.944000000001
1054.6115509090907
8344.944000000001
8344.944000000001
8344.944000000001
2.3180400000000003
2.3180400000000003
46.23546666666667
4.076592000000001
8344.944000000001
8344.944000000001
8344.944000000001
2.3180400000000003
2.3180400000000003
2.3180400000000003
2.3180400000000003
2.3180400000000003
8344.944000000001
0.27636000000000005
8344.944000000001
2.3180400000000003
8344.944000000001
8344.944000000001
8344.944000000001
8344.944000000001
8344.944000000001
8344.944000000001
2.3180400000000003
8344.944000000001
8344.944000000001
367.7870006666667
8344.944000000001
8344.944000000001
8344.944000000001
2782.2836279999997
8344.944000000001
0.7191
8344.944000000001
8344.944000000001
6.593846790857143
8344.944000000001
8344.944000000001
8344.944000000001
8344.944000000001
8344.944000000001
2.3180400000000003
2.3180400000000003
2.3180400000000003
2.3180400000000003
2.3180400000000003
2.3180400000000003
8344.944000000001
2.3180400000000003
5.392887428571428
8344.944000000001
8344.944000000001
9.954398571428573
8344.944000000001
8344.944000000001
8344.944000000001
8344.944000000001
8344.944000000001
3.0032294999999998
4178.817
8344.944000000001
11.601010000000006
8344.944000000001
0.28773306000000004
2.3180400000000003
0.1151458875
0.0715716
5007.514608
2782.1324759999998
5007.514608
9.79245
8344.944000000001
7.909602352941176
8344.944000000001
8344.944000000001
2.3180400000000003
2.3180400000000003
0.18724800000000003
239.3167748914286
8344.944000000001
2.3180400000000003
2.3180400000000003
2.3180400000000003
8344.944000000001
8344.944000000001
8344.944000000001
8344.944000000001
10.532961413999999
2.3180400000000003
8344.944000000001
353.3000123076924
8344.944000000001
36.6318
1391.1124164400003
826.788661875
826.788661875
826.788661875
8344.944000000001
0.7518590940000001
8344.944000000001
8344.944000000001
8344.944000000001
8344.944000000001
8344.944000000001
2.3180400000000003
8344.944000000001
12.910900000000002
12.910900000000002
3.19788
8344.944000000001
0.8600677714285715
8344.944000000001
8344.944000000001
8344.944000000001
8344.944000000001
8344.944000000001
8344.944000000001
8344.944000000001
2.3180400000000003
8344.944000000001
8344.944000000001
8344.944000000001
204581.46840126367
2.3180400000000003
8344.944000000001
2.3180400000000003
8344.944000000001
2.3180400000000003
984.0259340000002
429.39439904347836
2.3180400000000003
8344.944000000001
170.57613165070592
5.3579295
8344.944000000001
0.1582714610526316
8344.944000000001
8344.944000000001
2.3180400000000003
0.013107360000000002
8344.944000000001
2.3180400000000003
2.3180400000000003
2.8470720000000007
8344.944000000001
74.93263714285716
8344.944000000001
417.47428332
834.5889827999999
8344.944000000001
0.18724800000000003
8344.944000000001
8344.944000000001
8344.944000000001
8344.944000000001
74.93263714285716
8344.944000000001
8344.944000000001
8344.944000000001
8344.944000000001
8344.944000000001
8344.944000000001
8344.944000000001
13.653199199999994
0.6768000000000001
8344.944000000001
8344.944000000001
163.41891942857146
155.40486589830513
8344.944000000001
1192.5738102857144
8344.944000000001
8344.944000000001
8344.944000000001
12.338402400000001
2.3180400000000003
533.9106
1298.6959015384616
533.9106
948.1404000000001
2.3180400000000003
2.3180400000000003
2.3180400000000003
2.3180400000000003
8344.944000000001
8344.944000000001
0.1151458875
8344.944000000001
8344.944000000001
8344.944000000001
8344.944000000001
8344.944000000001
8344.944000000001
8344.944000000001
8344.944000000001
8344.944000000001
8344.944000000001
8344.944000000001
2.3180400000000003
2.3180400000000003
2.3180400000000003
2.3180400000000003
8344.944000000001
317.8936584694737
317.8936584694737
317.8936584694737
0.2183163428571428
8344.944000000001
8344.944000000001
8344.944000000001
8344.944000000001
0.2183163428571428
8344.944000000001
9.2637
0.16920000000000002
8344.944000000001
477.8057812736844
2.3180400000000003
60.40440000000001
1400.759706
45.6074060487805
69.14069469473684
8344.944000000001
4636.0832031439995
8344.944000000001
8344.944000000001
2.3180400000000003
463.83341482000003
8344.944000000001
2.3180400000000003
8344.944000000001
2.3180400000000003
8344.944000000001
8344.944000000001
8344.944000000001
38.3238
8344.944000000001
2.3180400000000003
2.3180400000000003
1391.1124164400003
1391.1124164400003
8344.944000000001
8344.944000000001
8344.944000000001
8344.944000000001
2.3180400000000003
8344.944000000001
8344.944000000001
8344.944000000001
8344.944000000001
8344.944000000001
8344.944000000001
75.92568
8344.944000000001
8344.944000000001
8344.944000000001
8344.944000000001
8344.944000000001
8344.944000000001
8344.944000000001
8344.944000000001
8344.944000000001
8344.944000000001
8344.944000000001
8344.944000000001
8344.944000000001
0.0030963600000000007
8344.944000000001
8344.944000000001
0.9311640000000001
3.9762
8344.944000000001
0.7952400000000001
0.7952400000000001
1.9254960000000003
8344.944000000001
2.1432886285714288
0.2645865
8344.944000000001
8344.944000000001
8344.944000000001
9.954398571428573
8344.944000000001
8344.944000000001
74.93263714285716
8344.944000000001
8344.944000000001
8344.944000000001
2.3180400000000003
2.3180400000000003
2.3180400000000003
2092.3363791
2.3180400000000003
2.3180400000000003
2.3180400000000003
2.3180400000000003
7796.250960000001
8344.944000000001
8344.944000000001
2.3180400000000003
2096.8533
2.3180400000000003
2.3180400000000003
2.3180400000000003
2.3180400000000003
2.3180400000000003
2.3180400000000003
2.3180400000000003
2.3180400000000003
2.3180400000000003
2.3180400000000003
1000
